
sbs.gems.planeconfig = x1 y1
sbs.gems.cratemap = 11  0

sbs.gems.xp.res = 200e-6

sbs.gems.x1.position = 0.0 0.0 0.0
sbs.gems.x1.size     = 0.1 0.1 0.001

sbs.gems.x1.chanmap = \
11 0 3 0 0 15 0 1 \
11 0 3 0 1 14 1 1 \
11 0 3 0 2 13 2 1 \
11 0 3 0 3 12 3 1 \
11 0 3 0 5 11 4 1 \
11 0 3 0 6 10 5 1 \
11 0 3 0 7  9 6 1 \
11 0 3 0 8  8 7 1

sbs.gems.y1.position = 0.0 0.0 0.0
sbs.gems.y1.size     = 0.1 0.1 0.001

sbs.gems.y1.chanmap = \
11 0 3 0 14 24 5 1 \
11 0 3 0 13 25 6 1 \
11 0 3 0 12 26 7 1 \
11 0 3 0 11 27 8 1 \
11 0 3 0 10 28 9 1


sbs.gems.x1.ped =0 597.004878 1 627.302439 2 576.151220 3 602.682927 4 563.092683 5 585.907317 6 554.751220 7 585.668293 8 566.195122 9 572.087805 10 567.902439 11 585.687805 12 565.531707 13 580.156098 14 523.263415 15 574.731707 16 541.682927 17 551.482927 18 551.048780 19 543.190244 20 537.302439 21 563.463415 22 485.507317 23 565.985366 24 543.121951 25 548.429268 26 544.770732 27 558.370732 28 559.414634 29 543.873171 30 560.931707 31 557.248780 32 560.341463 33 557.448780 34 537.907317 35 570.663415 36 552.926829 37 544.053659 38 518.868293 39 536.200000 40 546.931707 41 559.419512 42 536.926829 43 543.912195 44 539.634146 45 546.302439 46 500.692683 47 560.882927 48 523.985366 49 545.317073 50 552.073171 51 532.843902 52 545.502439 53 538.970732 54 511.248780 55 545.190244 56 525.404878 57 538.887805 58 542.839024 59 529.365854 60 509.346341 61 524.317073 62 568.829268 63 528.160976 64 507.204878 65 508.063415 66 506.229268 67 539.370732 68 491.756098 69 515.029268 70 479.395122 71 520.195122 72 489.687805 73 499.409756 74 490.414634 75 495.375610 76 472.068293 77 487.443902 78 449.073171 79 500.931707 80 467.492683 81 478.619512 82 477.653659 83 470.087805 84 466.765854 85 473.995122 86 452.819512 87 481.463415 88 456.585366 89 476.619512 90 472.043902 91 482.321951 92 454.736585 93 478.287805 94 579.146341 95 474.200000 96 465.873171 97 487.512195 98 455.185366 99 479.629268 100 468.136585 101 483.165854 102 425.404878 103 472.853659 104 452.297561 105 457.063415 106 438.946341 107 440.770732 108 437.204878 109 454.560976 110 383.873171 111 446.858537 112 452.360976 113 451.960976 114 452.712195 115 457.370732 116 444.990244 117 447.165854 118 441.507317 119 437.673171 120 429.936585 121 447.721951 122 462.521951 123 457.170732 124 446.643902 125 465.214634 126 802.020101 127 466.756098 128 614.160976 129 639.175610 130 600.185366 131 621.073171 132 592.400000 133 607.682927 134 569.600000 135 602.517073 136 563.107317 137 593.068293 138 568.912195 139 589.556098 140 569.195122 141 566.502439 142 531.414634 143 572.887805 144 564.097561 145 540.224390 146 546.507317 147 557.673171 148 541.195122 149 558.834146 150 480.526829 151 547.692683 152 542.546341 153 545.404878 154 540.063415 155 530.834146 156 498.458537 157 522.039024 158 535.307317 159 536.414634 160 495.751220 161 503.892683 162 485.302439 163 518.263415 164 494.370732 165 496.692683 166 461.268293 167 490.380488 168 483.053659 169 486.326829 170 446.575610 171 488.653659 172 462.951220 173 481.341463 174 436.829268 175 473.365854 176 482.912195 177 465.760976 178 465.843902 179 465.741463 180 454.282927 181 465.034146 182 408.804878 183 466.346341 184 463.629268 185 474.951220 186 466.590244 187 467.165854 188 458.692683 189 466.614634 190 529.487805 191 484.995122 192 461.356098 193 447.165854 194 450.614634 195 460.736585 196 437.775610 197 442.370732 198 431.019512 199 459.926829 200 437.692683 201 442.024390 202 443.263415 203 449.185366 204 444.580488 205 455.287805 206 420.756098 207 449.263415 208 444.278049 209 447.190244 210 435.073171 211 437.248780 212 427.556098 213 449.726829 214 419.965854 215 452.385366 216 469.160976 217 444.414634 218 464.439024 219 456.126829 220 471.746341 221 438.585366 222 566.726829 223 454.117073 224 483.853659 225 464.765854 226 456.463415 227 473.248780 228 455.058537 229 469.170732 230 439.800000 231 468.292683 232 457.843902 233 449.556098 234 438.502439 235 460.985366 236 448.824390 237 466.273171 238 408.141463 239 460.200000 240 457.946341 241 453.000000 242 450.458537 243 456.507317 244 450.068293 245 459.526829 246 450.502439 247 449.175610 248 484.209756 249 481.990244 250 493.800000 251 476.697561 252 485.848780 253 478.243902 254 830.714286 255 479.419512 256 559.541463 257 630.160976 258 556.356098 259 582.658537 260 539.682927 261 570.175610 262 518.243902 263 552.429268 264 510.648780 265 532.536585 266 525.892683 267 522.414634 268 514.629268 269 546.478049 270 481.834146 271 521.839024 272 498.404878 273 523.029268 274 493.956098 275 523.951220 276 489.448780 277 505.039024 278 429.370732 279 488.517073 280 478.151220 281 485.653659 282 483.229268 283 478.087805 284 453.404878 285 476.331707 286 512.863415 287 473.697561 288 454.034146 289 467.219512 290 472.229268 291 480.278049 292 474.902439 293 473.541463 294 463.770732 295 469.024390 296 473.014634 297 471.531707 298 476.278049 299 449.239024 300 463.931707 301 462.004878 302 428.229268 303 462.492683 304 444.146341 305 458.595122 306 463.263415 307 450.731707 308 444.526829 309 450.175610 310 410.321951 311 449.356098 312 457.380488 313 441.278049 314 438.219512 315 433.946341 316 427.341463 317 446.136585 318 518.170732 319 446.360976 320 418.487805 321 424.092683 322 427.980488 323 452.887805 324 419.126829 325 423.117073 326 402.707317 327 431.902439 328 410.634146 329 415.151220 330 426.141463 331 411.780488 332 403.224390 333 388.204878 334 380.443902 335 430.702439 336 399.512195 337 425.731707 338 412.243902 339 419.195122 340 404.268293 341 417.575610 342 411.639024 343 419.282927 344 415.043902 345 422.936585 346 392.043902 347 428.536585 348 383.126829 349 422.770732 350 538.941463 351 427.639024 352 405.853659 353 416.063415 354 392.551220 355 412.000000 356 390.414634 357 425.751220 358 379.517073 359 410.229268 360 401.551220 361 417.200000 362 403.765854 363 384.834146 364 411.356098 365 397.887805 366 350.858537 367 397.292683 368 406.043902 369 420.473171 370 402.902439 371 409.887805 372 380.712195 373 396.868293 374 408.063415 375 391.736585 376 423.990244 377 397.956098 378 403.765854 379 425.073171 380 416.785366 381 418.160976 382 799.383085 383 432.682927 384 585.814634 385 648.912195 386 571.897561 387 612.897561 388 567.063415 389 596.512195 390 556.019512 391 576.292683 392 563.068293 393 575.019512 394 542.458537 395 580.156098 396 555.497561 397 568.585366 398 523.463415 399 551.492683 400 545.941463 401 549.048780 402 557.443902 403 565.165854 404 555.321951 405 556.697561 406 493.965854 407 545.853659 408 541.141463 409 544.195122 410 519.541463 411 538.136585 412 526.639024 413 533.126829 414 544.843902 415 541.882927 416 516.775610 417 511.214634 418 507.439024 419 514.595122 420 504.800000 421 508.190244 422 494.956098 423 494.941463 424 499.731707 425 507.458537 426 510.043902 427 507.648780 428 492.668293 429 501.960976 430 476.434146 431 494.214634 432 519.175610 433 509.907317 434 506.765854 435 518.795122 436 510.892683 437 496.595122 438 451.570732 439 509.356098 440 514.482927 441 522.487805 442 507.736585 443 507.029268 444 502.424390 445 506.468293 446 575.717073 447 516.278049 448 497.156098 449 499.404878 450 481.653659 451 508.365854 452 479.741463 453 516.556098 454 484.219512 455 501.726829 456 494.595122 457 487.853659 458 496.073171 459 496.321951 460 483.517073 461 486.795122 462 442.604878 463 495.258537 464 480.395122 465 498.512195 466 486.160976 467 473.117073 468 479.570732 469 485.507317 470 473.170732 471 503.765854 472 496.229268 473 489.385366 474 479.185366 475 489.278049 476 485.497561 477 468.790244 478 615.887805 479 495.395122 480 487.843902 481 497.600000 482 492.843902 483 488.873171 484 487.024390 485 495.751220 486 478.058537 487 497.356098 488 488.200000 489 483.365854 490 488.360976 491 489.975610 492 495.395122 493 498.165854 494 431.604878 495 491.160976 496 487.302439 497 498.609756 498 495.785366 499 495.692683 500 487.392157 501 505.970732 502 522.975490 503 503.653659 504 519.647059 505 526.093596 506 524.833333 507 531.102941 508 503.230392 509 531.411765 510 875.831081 511 529.497561 512 592.308458 513 650.542289 514 600.079602 515 611.542289 516 578.372549 517 595.099010 518 552.935644 519 593.333333 520 560.842365 521 550.668293 522 543.554455 523 545.891626 524 538.812808 525 546.078431 526 500.156098 527 543.785366 528 540.195122 529 531.580488 530 543.985366 531 534.088235 532 510.834146 533 530.346341 534 465.141463 535 524.858537 536 507.575610 537 517.663415 538 511.278049 539 523.268293 540 510.112195 541 505.409756 542 542.278049 543 506.034146 544 494.658537 545 485.721951 546 515.039024 547 493.663415 548 479.741463 549 496.946341 550 459.531707 551 487.146341 552 468.165854 553 479.512195 554 484.800000 555 490.643902 556 484.717073 557 474.712195 558 452.482927 559 488.282927 560 469.575610 561 464.180488 562 483.312195 563 464.878049 564 456.697561 565 490.760976 566 443.980488 567 469.790244 568 480.243902 569 487.317073 570 498.707317 571 480.570732 572 469.512195 573 486.073171 574 566.609756 575 503.302439 576 479.068293 577 474.892683 578 485.419512 579 483.731707 580 480.390244 581 469.741463 582 460.804878 583 473.463415 584 479.990244 585 468.297561 586 492.775610 587 495.980488 588 481.063415 589 471.258537 590 421.731707 591 463.297561 592 462.282927 593 457.614634 594 459.302439 595 467.497561 596 447.624390 597 464.239024 598 453.014634 599 453.536585 600 459.004878 601 482.702439 602 451.170732 603 468.946341 604 451.409756 605 459.853659 606 632.936585 607 478.331707 608 498.839024 609 499.326829 610 478.097561 611 481.609756 612 494.336585 613 477.292683 614 454.790244 615 485.658537 616 486.565854 617 481.634146 618 493.931707 619 475.829268 620 480.131707 621 480.804878 622 405.970732 623 459.668293 624 486.600000 625 476.853659 626 469.063415 627 464.643902 628 466.643902 629 462.585366 630 476.360976 631 461.780488 632 491.751220 633 504.317073 634 479.882927 635 472.921951 636 475.960976 637 473.078049 638 892.968750 639 490.097561 640 665.492683 641 704.058537 642 660.273171 643 672.600000 644 645.858537 645 674.741463 646 632.048780 647 642.058537 648 612.907317 649 613.019512 650 611.585366 651 633.175610 652 601.487805 653 616.292683 654 587.570732 655 622.892683 656 606.336585 657 610.214634 658 588.902439 659 614.190244 660 586.765854 661 602.448780 662 538.765854 663 595.560976 664 570.502439 665 587.239024 666 571.195122 667 594.009756 668 569.263415 669 611.224390 670 594.897561 671 599.536585 672 588.482927 673 577.141463 674 577.673171 675 603.843902 676 570.951220 677 583.600000 678 581.082927 679 592.556098 680 601.073171 681 580.112195 682 592.468293 683 585.004878 684 582.570732 685 590.853659 686 563.848780 687 591.809756 688 576.234146 689 567.331707 690 575.824390 691 583.360976 692 576.160976 693 595.160976 694 533.087805 695 583.531707 696 554.658537 697 581.473171 698 545.965854 699 566.512195 700 547.248780 701 578.400000 702 622.858537 703 580.482927 704 534.829268 705 547.648780 706 536.507317 707 550.151220 708 554.697561 709 555.112195 710 522.819512 711 540.175610 712 537.551220 713 544.521951 714 535.536585 715 535.604878 716 519.678049 717 540.219512 718 493.263415 719 542.160976 720 521.429268 721 526.326829 722 516.268293 723 526.575610 724 506.029268 725 517.029268 726 507.263415 727 529.970732 728 508.858537 729 525.917073 730 500.078049 731 525.678049 732 505.175610 733 517.063415 734 657.034146 735 539.482927 736 531.790244 737 537.707317 738 513.765854 739 534.658537 740 524.336585 741 517.126829 742 488.331707 743 520.107317 744 517.473171 745 520.175610 746 508.917073 747 503.434146 748 497.307317 749 530.024390 750 431.214634 751 509.731707 752 502.731707 753 502.219512 754 481.643902 755 499.307317 756 505.131707 757 506.707317 758 488.819512 759 497.429268 760 529.136585 761 514.190244 762 514.039024 763 520.175610 764 513.760976 765 518.463415 766 905.400000 767 536.541463 768 579.175610 769 623.326829 770 574.419512 771 598.443902 772 564.151220 773 588.107317 774 549.614634 775 567.400000 776 535.317073 777 557.653659 778 551.678049 779 560.609756 780 555.721951 781 551.736585 782 521.848780 783 567.760976 784 538.629268 785 540.687805 786 536.385366 787 542.229268 788 527.590244 789 533.673171 790 476.107317 791 548.400000 792 526.302439 793 529.580488 794 522.321951 795 534.556098 796 509.092683 797 521.097561 798 567.678049 799 525.878049 800 531.360976 801 533.560976 802 531.102439 803 527.185366 804 509.907317 805 533.219512 806 510.502439 807 527.214634 808 523.278049 809 520.585366 810 500.707317 811 516.629268 812 508.741463 813 513.243902 814 478.858537 815 504.009756 816 509.419512 817 517.804878 818 521.117073 819 507.087805 820 490.107317 821 511.141463 822 480.921951 823 524.473171 824 511.029268 825 498.892683 826 499.775610 827 517.687805 828 485.336585 829 504.726829 830 567.121951 831 502.175610 832 491.536585 833 505.092683 834 501.829268 835 487.146341 836 474.180488 837 502.902439 838 451.926829 839 485.507317 840 485.517073 841 470.970732 842 468.156098 843 480.702439 844 469.614634 845 461.439024 846 435.200000 847 479.136585 848 473.019512 849 494.195122 850 461.195122 851 482.180488 852 480.731707 853 474.804878 854 461.556098 855 481.292683 856 464.687805 857 464.146341 858 462.346341 859 475.663415 860 471.541463 861 463.092683 862 635.341463 863 475.751220 864 466.024390 865 469.370732 866 458.287805 867 464.317073 868 481.292683 869 474.580488 870 430.917073 871 475.897561 872 456.248780 873 468.121951 874 463.385366 875 456.160976 876 450.868293 877 459.400000 878 396.956098 879 458.214634 880 467.834146 881 460.136585 882 465.551220 883 451.190244 884 467.580488 885 466.946341 886 476.907317 887 459.639024 888 509.448780 889 465.736585 890 500.448780 891 490.307317 892 484.063415 893 490.882927 894 894.043796 895 486.795122 896 662.721951 897 707.912195 898 652.663415 899 691.058537 900 646.297561 901 678.136585 902 640.492683 903 667.975610 904 615.887805 905 637.078049 906 632.570732 907 639.707317 908 621.424390 909 634.380488 910 582.614634 911 638.043902 912 593.317073 913 606.585366 914 608.682927 915 602.331707 916 581.653659 917 612.560976 918 548.639024 919 616.707317 920 597.902439 921 604.434146 922 585.224390 923 595.468293 924 602.980488 925 614.385366 926 638.429268 927 614.278049 928 601.029268 929 596.692683 930 593.809756 931 602.517073 932 591.687805 933 593.882927 934 593.146341 935 602.478049 936 568.000000 937 599.078049 938 595.800000 939 576.482927 940 583.190244 941 589.424390 942 538.043902 943 586.643902 944 575.619512 945 579.404878 946 579.717073 947 587.897561 948 565.926829 949 576.000000 950 557.868293 951 587.175610 952 577.019512 953 584.917073 954 594.331707 955 584.814634 956 580.614634 957 587.712195 958 651.317073 959 607.492683 960 566.112195 961 581.082927 962 579.790244 963 585.795122 964 553.663415 965 578.448780 966 576.014634 967 587.307317 968 552.200000 969 567.653659 970 571.248780 971 564.073171 972 553.907317 973 555.946341 974 513.053659 975 563.565854 976 547.043902 977 564.702439 978 536.717073 979 545.975610 980 544.892683 981 549.497561 982 541.453659 983 570.429268 984 563.560976 985 561.668293 986 545.936585 987 556.721951 988 551.165854 989 554.404878 990 676.970732 991 552.658537 992 547.834146 993 543.521951 994 545.902439 995 549.531707 996 547.560976 997 570.458537 998 525.751220 999 552.087805 1000 543.141463 1001 538.921951 1002 544.975610 1003 523.273171 1004 534.434146 1005 535.190244 1006 479.760976 1007 536.034146 1008 559.887805 1009 530.804878 1010 550.658537 1011 536.673171 1012 543.995122 1013 558.575610 1014 549.848780 1015 555.897561 1016 565.804878 1017 565.024390 1018 578.165854 1019 565.048780 1020 556.102439 1021 564.131707 1022 914.045455 1023 586.873171 

sbs.gems.x1.rms =0 34.915717 1 39.762665 2 41.873463 3 44.900344 4 37.336390 5 40.148580 6 42.524731 7 42.314239 8 36.281702 9 37.510871 10 48.328048 11 44.637074 12 36.603148 13 37.452474 14 46.230798 15 46.193456 16 34.942489 17 34.628002 18 49.942968 19 45.717242 20 34.289958 21 37.519879 22 56.253140 23 52.717422 24 31.008414 25 33.259088 26 54.939001 27 53.739835 28 30.617527 29 33.386334 30 67.186636 31 54.835288 32 31.663944 33 29.661892 34 48.632180 35 55.921625 36 31.340452 37 31.469723 38 51.515162 39 49.218220 40 29.664386 41 32.215882 42 58.754466 43 52.357235 44 30.301216 45 33.567787 46 51.280655 47 57.487271 48 27.203206 49 31.189460 50 58.088910 51 56.058289 52 26.684539 53 29.630392 54 69.589189 55 64.199369 56 24.276597 57 27.818437 58 56.774852 59 62.840936 60 30.223106 61 24.858270 62 70.725475 63 68.336887 64 25.708250 65 25.268526 66 39.534377 67 42.029828 68 29.581125 69 25.958299 70 38.057914 71 38.595475 72 33.789017 73 31.892164 74 41.539740 75 43.189434 76 36.340063 77 32.878980 78 38.546893 79 43.983647 80 38.877371 81 36.177902 82 37.841673 83 36.625888 84 38.310844 85 37.742452 86 48.619996 87 39.892721 88 42.396143 89 40.024402 90 38.596512 91 39.135958 92 40.031437 93 40.593044 94 68.814690 95 39.346168 96 41.687730 97 38.418569 98 35.950166 99 37.215511 100 42.244941 101 41.888491 102 43.118973 103 38.700199 104 45.484001 105 41.914325 106 44.736214 107 42.432283 108 45.413837 109 45.693490 110 47.188915 111 47.046469 112 49.593238 113 45.615342 114 48.362454 115 44.932352 116 48.932905 117 47.707460 118 57.233848 119 46.863741 120 56.216748 121 53.440240 122 50.962308 123 45.476717 124 48.926376 125 43.254017 126 94.414033 127 36.770468 128 35.742691 129 38.391290 130 42.156327 131 46.429590 132 38.614619 133 38.674022 134 45.918868 135 44.744870 136 37.164475 137 38.023551 138 48.532635 139 45.397894 140 37.038819 141 37.310252 142 46.139754 143 46.787867 144 29.662496 145 31.415677 146 45.769158 147 46.437637 148 30.338754 149 31.868507 150 50.499027 151 48.290970 152 28.984000 153 30.335313 154 49.055080 155 47.909689 156 28.609302 157 30.709154 158 61.971498 159 51.700156 160 27.745561 161 26.661166 162 43.568015 163 49.816824 164 27.358846 165 26.499668 166 43.733352 167 45.081948 168 26.883163 169 28.004625 170 49.270190 171 46.461020 172 25.425694 173 26.882953 174 45.879749 175 46.581770 176 22.862518 177 26.726737 178 47.159253 179 49.420115 180 23.645099 181 24.567554 182 59.342503 183 52.522535 184 24.269807 185 24.435431 186 46.975841 187 54.587963 188 28.567561 189 24.683020 190 67.465591 191 60.612524 192 23.677406 193 23.958130 194 35.030061 195 33.961655 196 26.408949 197 22.208966 198 30.150349 199 31.266276 200 29.567256 201 26.442287 202 33.656933 203 37.149071 204 30.606704 205 27.431869 206 32.704874 207 32.823086 208 30.765767 209 30.634556 210 28.548965 211 26.088247 212 31.860872 213 32.144392 214 40.431620 215 29.808867 216 36.309623 217 34.858442 218 31.941142 219 26.692531 220 36.824356 221 37.356800 222 67.846480 223 31.074198 224 37.666936 225 33.033520 226 30.537700 227 31.615704 228 36.995537 229 33.412939 230 36.715306 231 30.522638 232 38.754323 233 35.753397 234 38.674454 235 34.889020 236 38.411233 237 37.501265 238 41.230518 239 38.055467 240 39.519456 241 39.024320 242 40.912333 243 38.935421 244 39.477505 245 40.453834 246 49.218936 247 40.267258 248 48.215572 249 45.949176 250 46.860291 251 40.509755 252 48.911484 253 45.854585 254 81.192324 255 40.193187 256 35.433958 257 39.997664 258 42.898008 259 44.864354 260 36.948771 261 38.425454 262 43.104626 263 44.188853 264 34.865086 265 37.375679 266 45.918360 267 45.153492 268 34.515308 269 36.258230 270 43.992148 271 43.789724 272 29.035336 273 30.470924 274 44.547952 275 45.341389 276 29.454944 277 32.886033 278 47.673474 279 46.036422 280 26.742887 281 28.124671 282 47.497174 283 47.841324 284 25.069406 285 29.528774 286 60.018785 287 52.777917 288 25.300801 289 26.236553 290 41.029331 291 48.645314 292 25.769338 293 26.632723 294 44.902182 295 41.472346 296 25.841256 297 27.612391 298 48.832773 299 44.162742 300 25.592210 301 25.211979 302 44.683943 303 45.205614 304 24.040171 305 24.961179 306 47.049625 307 46.564733 308 24.945120 309 24.101784 310 57.419498 311 51.603129 312 25.400626 313 24.856579 314 43.503805 315 54.972561 316 30.251152 317 24.632734 318 64.517535 319 59.843588 320 25.599087 321 25.415881 322 31.590360 323 33.490036 324 26.500870 325 24.075814 326 27.779659 327 30.559183 328 27.118850 329 26.741975 330 32.298070 331 34.018010 332 28.426171 333 25.486428 334 29.562221 335 31.217635 336 30.647422 337 30.218735 338 28.673418 339 28.104005 340 30.879012 341 30.971748 342 37.314830 343 27.910798 344 34.771351 345 34.154182 346 29.201287 347 29.413368 348 34.323902 349 34.174604 350 64.669565 351 32.017928 352 34.502712 353 32.784007 354 27.724139 355 30.958509 356 35.909354 357 32.688800 358 34.968501 359 30.920529 360 33.420799 361 32.017130 362 36.749831 363 34.889957 364 36.347309 365 35.697128 366 38.205535 367 36.358006 368 39.542666 369 36.352549 370 39.977192 371 39.306948 372 38.155524 373 39.752370 374 48.430396 375 39.334201 376 46.957063 377 42.438742 378 43.185293 379 38.740532 380 44.242269 381 44.108718 382 88.024519 383 38.980320 384 33.487599 385 39.725056 386 38.995613 387 43.995390 388 33.981213 389 36.981289 390 39.199423 391 41.290313 392 31.754934 393 37.526441 394 43.266666 395 44.076929 396 33.304453 397 37.491967 398 41.891787 399 41.250291 400 29.283917 401 33.211188 402 44.480338 403 42.627734 404 29.557117 405 33.696873 406 47.952251 407 46.018745 408 27.102416 409 29.256827 410 45.515202 411 47.679631 412 26.503685 413 29.596366 414 59.901830 415 48.924391 416 28.365874 417 26.950954 418 40.919343 419 45.904110 420 26.067530 421 27.857615 422 41.973197 423 41.607533 424 27.131679 425 26.682496 426 45.610258 427 45.341453 428 27.321701 429 27.344388 430 45.192292 431 45.079148 432 25.988147 433 27.667471 434 47.920908 435 46.704750 436 24.804960 437 27.221530 438 57.103425 439 51.802110 440 27.399590 441 28.447060 442 44.788379 443 60.283146 444 33.131967 445 27.140380 446 66.428013 447 56.951890 448 25.767346 449 26.758850 450 34.846311 451 37.310926 452 27.367000 453 26.390187 454 31.540228 455 34.205028 456 29.775698 457 29.505982 458 33.557079 459 37.830479 460 32.252600 461 29.616195 462 30.861215 463 32.944987 464 31.985438 465 31.982405 466 30.448813 467 29.039518 468 33.141840 469 34.508340 470 40.141641 471 31.100056 472 40.110836 473 38.403033 474 36.482335 475 32.354376 476 39.925006 477 39.841759 478 72.610569 479 37.098221 480 39.519616 481 37.189770 482 32.885389 483 32.492904 484 37.346164 485 34.706597 486 36.931268 487 31.990319 488 37.268230 489 36.491466 490 40.519389 491 37.101369 492 38.648573 493 40.091503 494 41.238923 495 41.947801 496 39.978607 497 40.322286 498 45.222299 499 57.172808 500 45.347494 501 63.033859 502 60.801625 503 58.950678 504 68.739441 505 59.917481 506 60.957971 507 61.710934 508 64.094988 509 73.432222 510 73.886270 511 77.981275 512 70.410201 513 66.268634 514 70.033777 515 68.084740 516 68.837963 517 59.655862 518 68.253537 519 67.492350 520 71.113139 521 75.899852 522 68.858439 523 67.264408 524 56.877142 525 62.872605 526 74.505230 527 61.195590 528 41.586243 529 48.955626 530 57.846684 531 54.958648 532 47.789802 533 40.286075 534 53.458755 535 54.407446 536 40.229226 537 37.033260 538 50.932339 539 51.576051 540 32.349948 541 32.689043 542 67.019224 543 55.437276 544 29.961609 545 28.669449 546 43.548890 547 49.653127 548 31.084409 549 30.201471 550 44.674598 551 45.708387 552 29.221806 553 30.890935 554 46.479516 555 49.419114 556 27.279367 557 30.690590 558 45.550143 559 49.912098 560 27.049194 561 29.428402 562 48.595293 563 49.882983 564 26.583623 565 29.155871 566 60.042258 567 54.360674 568 27.144222 569 27.911392 570 48.054564 571 54.725489 572 29.462769 573 27.369192 574 72.617702 575 59.340656 576 27.965052 577 27.924431 578 33.833446 579 38.539194 580 30.544233 581 27.236749 582 33.610262 583 34.446634 584 31.576618 585 31.198096 586 34.879142 587 39.802312 588 33.297929 589 31.219857 590 32.807662 591 36.687397 592 33.898384 593 33.137596 594 31.512231 595 31.859237 596 33.671735 597 34.238994 598 40.925927 599 33.185728 600 40.458289 601 38.598676 602 31.205927 603 31.433585 604 40.197050 605 37.590710 606 75.914528 607 34.537462 608 40.415627 609 38.473374 610 35.978994 611 47.791150 612 45.455514 613 38.140462 614 41.167948 615 34.890078 616 38.639949 617 39.602634 618 39.214920 619 38.100703 620 40.537814 621 39.763336 622 40.125524 623 40.789133 624 40.967518 625 39.468271 626 42.087144 627 41.896330 628 40.186092 629 39.807939 630 51.835071 631 42.571897 632 55.484136 633 50.743563 634 45.159835 635 46.405464 636 56.111287 637 53.726350 638 69.549773 639 41.033362 640 41.116802 641 45.940433 642 46.617421 643 52.484107 644 39.950634 645 39.465286 646 47.358390 647 50.497781 648 38.144094 649 41.658186 650 51.405882 651 51.357460 652 37.507152 653 40.894537 654 50.901350 655 52.744096 656 34.985138 657 32.264347 658 50.811178 659 51.862369 660 33.009885 661 35.741669 662 56.273061 663 51.922009 664 31.792256 665 34.674605 666 52.907014 667 56.192612 668 30.328106 669 34.202815 670 68.393583 671 58.142087 672 29.663412 673 32.779745 674 45.070736 675 55.026601 676 30.575418 677 19.229195 678 50.249698 679 50.200603 680 30.888462 681 29.250176 682 55.158355 683 51.364551 684 30.370896 685 31.291673 686 50.699609 687 54.903622 688 29.832930 689 26.116012 690 52.165294 691 53.396871 692 28.358135 693 29.217576 694 66.081340 695 58.609874 696 26.967559 697 30.221709 698 46.897437 699 59.494424 700 27.759271 701 28.819472 702 71.056175 703 63.069191 704 27.425556 705 29.323820 706 37.574851 707 41.683729 708 33.882383 709 43.791881 710 37.218034 711 36.417744 712 32.703450 713 29.255740 714 35.634115 715 41.296489 716 32.872314 717 32.619545 718 34.588013 719 35.824756 720 35.624069 721 19.852272 722 33.978203 723 32.849403 724 35.923348 725 34.103989 726 43.234007 727 32.547138 728 38.523917 729 36.967064 730 34.615290 731 31.913966 732 37.695809 733 38.473822 734 70.828090 735 34.674880 736 35.931913 737 36.235304 738 31.052180 739 34.400517 740 35.862323 741 36.879812 742 37.807177 743 32.657247 744 38.253653 745 33.709207 746 39.795428 747 38.091185 748 38.219625 749 37.868249 750 39.735992 751 41.130266 752 43.331521 753 42.269122 754 46.321517 755 42.781785 756 38.881775 757 40.489351 758 52.962127 759 40.985912 760 47.604272 761 46.574649 762 43.420445 763 39.139754 764 43.458042 765 45.573258 766 58.791253 767 36.828336 768 41.621856 769 48.124995 770 47.533296 771 53.288932 772 43.103410 773 45.665894 774 49.006747 775 50.772145 776 39.170446 777 42.039726 778 49.158517 779 52.437502 780 38.054592 781 41.219092 782 49.437633 783 50.724665 784 32.779368 785 36.650094 786 49.486365 787 51.278685 788 32.860502 789 34.398178 790 52.677372 791 51.177510 792 32.007869 793 32.959097 794 52.466703 795 53.783695 796 27.787981 797 34.064648 798 68.280724 799 54.215467 800 32.027830 801 29.507212 802 46.177962 803 52.746007 804 30.363749 805 27.509034 806 47.805258 807 47.456093 808 28.319531 809 30.126866 810 50.413434 811 50.790235 812 28.296970 813 29.171804 814 47.415697 815 48.374554 816 26.034304 817 27.753813 818 48.978203 819 49.258721 820 24.722424 821 27.319688 822 59.848213 823 53.302043 824 26.213925 825 27.868300 826 46.933460 827 57.532939 828 28.454823 829 26.087162 830 71.308945 831 57.506041 832 25.895943 833 27.422551 834 35.113963 835 35.377657 836 26.997229 837 24.981168 838 31.971016 839 31.239066 840 28.185552 841 27.200235 842 32.010136 843 37.310356 844 28.644206 845 26.510972 846 33.571242 847 31.417424 848 32.050868 849 30.987346 850 28.538395 851 26.485737 852 31.712292 853 31.279245 854 41.192860 855 28.129183 856 36.734115 857 33.570284 858 30.359345 859 29.931285 860 34.733332 861 34.379180 862 70.253621 863 30.388245 864 34.941545 865 31.713952 866 27.672653 867 30.057051 868 35.092105 869 33.560715 870 36.068741 871 29.563726 872 34.384647 873 35.016508 874 36.913515 875 34.468061 876 34.903312 877 32.656766 878 36.882979 879 37.914059 880 37.800268 881 37.148757 882 38.451028 883 38.131069 884 37.304673 885 36.781385 886 51.551690 887 38.228918 888 46.910746 889 43.008098 890 43.346517 891 36.174485 892 44.756369 893 44.046937 894 67.104328 895 36.521520 896 39.782773 897 43.328829 898 45.599303 899 47.711496 900 37.704037 901 39.799753 902 43.349810 903 47.961411 904 37.020523 905 37.275818 906 47.009196 907 45.623081 908 34.621724 909 37.865894 910 45.495460 911 46.495770 912 30.934895 913 32.661886 914 43.242616 915 44.191239 916 27.347842 917 30.674410 918 51.307932 919 47.563177 920 27.956242 921 30.633025 922 42.091172 923 49.259841 924 28.433227 925 28.653400 926 61.660448 927 50.805471 928 26.263749 929 25.958470 930 41.537734 931 45.947541 932 26.338141 933 27.586953 934 42.742086 935 43.350818 936 24.780401 937 26.922903 938 45.891643 939 45.319957 940 23.200040 941 26.043498 942 42.086242 943 43.985197 944 24.522794 945 24.809655 946 40.803610 947 42.834728 948 22.009521 949 24.222747 950 54.145038 951 47.957282 952 23.003915 953 24.115938 954 36.969562 955 46.109041 956 25.571378 957 23.043545 958 64.650218 959 49.861527 960 23.580523 961 23.111563 962 30.761710 963 31.963653 964 24.092279 965 23.460887 966 28.561014 967 29.270283 968 26.424564 969 23.849161 970 31.014734 971 34.203830 972 26.206240 973 24.531752 974 30.920860 975 29.771681 976 29.312663 977 28.405500 978 25.280436 979 27.231696 980 28.539715 981 27.010499 982 37.496329 983 27.514983 984 31.278489 985 31.053333 986 19.807387 987 27.808505 988 31.144381 989 31.598657 990 68.508494 991 29.627286 992 29.901494 993 29.076782 994 26.665228 995 27.604970 996 31.298756 997 30.231537 998 31.970132 999 28.054687 1000 33.261191 1001 30.458669 1002 35.674332 1003 31.469591 1004 30.772522 1005 30.519852 1006 36.598900 1007 35.013082 1008 34.887164 1009 31.322414 1010 34.720634 1011 34.694985 1012 33.428992 1013 31.473572 1014 49.261290 1015 34.541234 1016 41.614971 1017 40.512141 1018 33.939570 1019 38.384036 1020 40.307649 1021 39.391558 1022 54.091234 1023 35.733478 


sbs.gems.y1.ped =640 596.273171 641 640.082927 642 587.380488 643 603.385366 644 580.043902 645 601.439024 646 558.034146 647 598.790244 648 553.848780 649 580.624390 650 559.502439 651 569.560976 652 550.224390 653 564.243902 654 503.190244 655 579.292683 656 539.692683 657 560.014634 658 542.239024 659 561.126829 660 523.717073 661 542.009756 662 480.643902 663 549.795122 664 541.721951 665 526.746341 666 529.892683 667 533.326829 668 507.887805 669 508.565854 670 575.790244 671 540.570732 672 519.136585 673 514.346341 674 528.082927 675 538.014634 676 509.278049 677 503.956098 678 505.082927 679 525.717073 680 517.019512 681 527.292683 682 518.346341 683 527.541463 684 523.834146 685 512.321951 686 466.551220 687 541.853659 688 512.078049 689 521.853659 690 520.658537 691 524.160976 692 491.253659 693 501.736585 694 489.443902 695 518.560976 696 494.517073 697 501.775610 698 508.653659 699 500.136585 700 472.858537 701 484.990244 702 576.600000 703 526.043902 704 480.658537 705 478.521951 706 476.360976 707 493.980488 708 457.697561 709 469.253659 710 444.965854 711 488.307317 712 460.785366 713 472.053659 714 477.478049 715 494.736585 716 471.741463 717 448.146341 718 409.731707 719 473.492683 720 456.560976 721 468.775610 722 456.321951 723 472.253659 724 445.341463 725 462.053659 726 452.941463 727 471.282927 728 471.931707 729 475.404878 730 455.560976 731 471.780488 732 453.029268 733 453.863415 734 634.853659 735 467.995122 736 475.936585 737 470.902439 738 470.648780 739 464.619512 740 460.458537 741 464.956098 742 433.707317 743 472.234146 744 468.160976 745 479.190244 746 473.356098 747 471.546341 748 444.092683 749 467.180488 750 408.575610 751 473.746341 752 487.273171 753 470.858537 754 488.170732 755 466.570732 756 465.595122 757 481.653659 758 498.736585 759 495.307317 760 503.629268 761 496.024390 762 508.190244 763 488.595122 764 511.439024 765 512.780488 766 872.879747 767 495.770732 768 615.453659 769 643.014634 770 624.975610 771 635.565854 772 593.497561 773 623.746341 774 596.521951 775 619.517073 776 595.458537 777 597.390244 778 583.556098 779 595.804878 780 595.341463 781 597.380488 782 558.663415 783 571.814634 784 583.351220 785 598.678049 786 589.331707 787 575.185366 788 555.863415 789 580.463415 790 502.268293 791 581.234146 792 569.756098 793 586.951220 794 570.726829 795 583.936585 796 553.785366 797 567.126829 798 565.756098 799 572.804878 800 561.604878 801 583.234146 802 580.268293 803 582.224390 804 538.985366 805 555.590244 806 530.565854 807 562.195122 808 547.882927 809 562.868293 810 527.990244 811 557.746341 812 529.712195 813 549.078049 814 494.941463 815 531.741463 816 525.121951 817 525.146341 818 532.019512 819 527.712195 820 517.063415 821 517.004878 822 497.112195 823 519.346341 824 512.634146 825 531.439024 826 519.292683 827 524.751220 828 497.770732 829 512.624390 830 585.482927 831 526.560976 832 498.317073 833 499.639024 834 515.878049 835 512.229268 836 487.453659 837 525.692683 838 481.487805 839 532.721951 840 490.419512 841 504.146341 842 499.107317 843 491.341463 844 489.287805 845 475.185366 846 456.521951 847 502.375610 848 497.170732 849 502.863415 850 498.507317 851 488.321951 852 489.029268 853 471.565854 854 487.912195 855 492.868293 856 504.234146 857 506.385366 858 498.580488 859 491.990244 860 480.931707 861 489.965854 862 603.043902 863 498.921951 864 496.253659 865 480.824390 866 471.336585 867 490.058537 868 476.014634 869 496.156098 870 456.156098 871 494.926829 872 472.902439 873 492.365854 874 490.102439 875 487.858537 876 473.087805 877 494.682927 878 442.331707 879 499.287805 880 499.024390 881 497.673171 882 521.160976 883 495.463415 884 513.341463 885 488.702439 886 507.336585 887 509.858537 888 511.941463 889 510.351220 890 510.785366 891 512.000000 892 508.258537 893 526.848780 894 745.336585 895 511.063415 896 589.312195 897 635.541463 898 604.560976 899 639.580488 900 610.575610 901 617.912195 902 592.673171 903 614.170732 904 581.063415 905 579.175610 906 570.019512 907 590.682927 908 566.517073 909 571.190244 910 533.668293 911 576.224390 912 553.790244 913 559.024390 914 551.463415 915 559.400000 916 554.551220 917 570.048780 918 486.663415 919 557.756098 920 534.409756 921 555.873171 922 542.614634 923 553.419512 924 536.775610 925 549.800000 926 556.853659 927 534.117073 928 531.492683 929 545.482927 930 548.229268 931 552.512195 932 540.434146 933 528.092683 934 533.312195 935 550.453659 936 535.468293 937 532.692683 938 536.551220 939 542.814634 940 531.424390 941 519.063415 942 498.453659 943 525.785366 944 520.668293 945 527.751220 946 528.204878 947 539.151220 948 507.126829 949 527.078049 950 488.248780 951 520.907317 952 513.009756 953 516.258537 954 518.775610 955 514.985366 956 503.648780 957 511.878049 958 564.926829 959 523.121951 960 500.053659 961 500.804878 962 527.604878 963 516.380488 964 516.395122 965 517.063415 966 497.824390 967 504.829268 968 494.068293 969 501.668293 970 490.809756 971 528.448780 972 507.214634 973 494.004878 974 483.434146 975 502.165854 976 497.917073 977 496.478049 978 501.185366 979 503.536585 980 482.531707 981 492.668293 982 459.878049 983 502.658537 984 503.887805 985 494.697561 986 502.897561 987 505.746341 988 485.000000 989 476.809756 990 596.609756 991 502.497561 992 473.751220 993 481.365854 994 478.585366 995 491.434146 996 477.243902 997 490.068293 998 460.292683 999 490.463415 1000 467.414634 1001 472.492683 1002 471.121951 1003 492.946341 1004 467.980488 1005 492.682927 1006 428.887805 1007 472.536585 1008 488.721951 1009 473.658537 1010 479.331707 1011 469.931707 1012 475.692683 1013 473.931707 1014 472.463415 1015 479.834146 1016 497.224390 1017 475.395122 1018 481.731707 1019 485.097561 1020 482.146341 1021 475.590244 1022 693.892683 1023 489.560976 1024 649.643902 1025 739.214634 1026 665.346341 1027 703.019512 1028 688.941463 1029 655.912195 1030 645.946341 1031 693.404878 1032 633.507317 1033 651.541463 1034 658.658537 1035 668.985366 1036 660.204878 1037 662.312195 1038 625.253659 1039 655.092683 1040 635.351220 1041 638.190244 1042 637.287805 1043 649.873171 1044 625.546341 1045 622.370732 1046 572.712195 1047 642.131707 1048 614.565854 1049 624.951220 1050 620.092683 1051 638.443902 1052 604.136585 1053 614.234146 1054 660.121951 1055 626.951220 1056 579.726829 1057 603.760976 1058 609.107317 1059 622.795122 1060 609.443902 1061 602.526829 1062 588.014634 1063 603.009756 1064 602.931707 1065 594.600000 1066 588.448780 1067 593.746341 1068 602.380488 1069 587.502439 1070 576.448780 1071 603.458537 1072 599.926829 1073 593.097561 1074 601.834146 1075 611.273171 1076 582.234146 1077 581.921951 1078 550.853659 1079 607.375610 1080 596.507317 1081 586.985366 1082 597.819512 1083 594.165854 1084 579.097561 1085 595.551220 1086 661.214634 1087 582.117073 1088 559.278049 1089 591.629268 1090 586.965854 1091 595.668293 1092 574.653659 1093 566.970732 1094 563.175610 1095 593.653659 1096 569.580488 1097 576.468293 1098 566.478049 1099 594.614634 1100 549.278049 1101 575.697561 1102 528.117073 1103 586.541463 1104 555.268293 1105 560.643902 1106 558.824390 1107 573.643902 1108 561.419512 1109 560.185366 1110 538.926829 1111 577.697561 1112 559.019512 1113 559.126829 1114 542.063415 1115 552.395122 1116 528.487805 1117 542.702439 1118 643.609756 1119 547.214634 1120 538.131707 1121 543.439024 1122 532.087805 1123 536.892683 1124 514.463415 1125 518.073171 1126 510.375610 1127 536.404878 1128 520.541463 1129 531.497561 1130 519.439024 1131 527.160976 1132 524.800000 1133 529.639024 1134 465.414634 1135 514.536585 1136 515.897561 1137 525.639024 1138 514.365854 1139 521.195122 1140 514.375610 1141 529.136585 1142 525.175610 1143 515.068293 1144 549.068293 1145 550.629268 1146 540.960976 1147 529.892683 1148 547.604878 1149 551.063415 1150 724.004878 1151 531.487805 1152 601.297561 1153 680.092683 1154 597.375610 1155 641.790244 1156 573.419512 1157 622.614634 1158 571.843137 1159 621.568627 1160 578.765854 1161 570.000000 1162 563.487685 1163 569.054455 1164 553.118227 1165 559.556650 1166 547.156098 1167 579.775610 1168 563.261084 1169 559.044118 1170 571.231527 1171 576.710000 1172 571.030303 1173 598.184080 1174 445.292683 1175 581.233503 1176 571.696078 1177 575.757426 1178 573.965347 1179 576.167488 1180 535.000000 1181 576.425000 1182 578.232673 1183 563.786070 1184 512.563725 1185 539.556650 1186 534.853659 1187 547.941463 1188 523.346341 1189 509.221675 1190 500.681373 1191 522.600985 1192 490.059113 1193 502.931707 1194 509.292683 1195 512.156098 1196 490.195122 1197 489.546341 1198 481.292683 1199 481.643902 1200 501.092683 1201 472.873171 1202 499.765854 1203 495.980488 1204 487.712195 1205 492.278049 1206 470.556098 1207 513.165854 1208 483.292683 1209 487.609756 1210 507.843902 1211 502.117073 1212 469.960976 1213 479.331707 1214 561.848780 1215 516.897561 1216 468.824390 1217 460.575610 1218 484.785366 1219 478.292683 1220 478.253659 1221 479.239024 1222 467.926829 1223 501.014634 1224 461.112195 1225 452.819512 1226 466.565854 1227 477.556098 1228 466.590244 1229 471.165854 1230 414.902439 1231 475.195122 1232 468.741463 1233 465.487805 1234 447.556098 1235 465.941463 1236 438.887805 1237 459.824390 1238 412.663415 1239 452.936585 1240 436.409756 1241 433.131707 1242 443.356098 1243 447.692683 1244 412.497561 1245 436.570732 1246 510.712195 1247 444.248780 1248 407.946341 1249 424.131707 1250 421.253659 1251 414.204878 1252 428.419512 1253 430.517073 1254 393.678049 1255 421.570732 1256 417.121951 1257 409.902439 1258 427.575610 1259 423.990244 1260 431.726829 1261 430.936585 1262 368.848780 1263 423.429268 1264 438.531707 1265 445.453659 1266 442.868293 1267 418.775610 1268 462.209756 1269 452.595122 1270 450.829268 1271 448.395122 1272 468.243902 1273 469.165854 1274 483.653659 1275 492.658537 1276 488.078049 1277 459.863415 1278 679.307317 1279 464.239024 

sbs.gems.y1.rms =640 38.207821 641 43.903974 642 51.710560 643 51.660739 644 44.584620 645 47.183114 646 53.800751 647 52.576726 648 44.504443 649 47.291214 650 57.861704 651 55.594985 652 46.336504 653 46.375341 654 59.720143 655 56.819459 656 40.891507 657 42.821066 658 58.198537 659 57.965873 660 38.197662 661 42.282787 662 68.393945 663 59.776388 664 38.383632 665 41.255351 666 64.301714 667 64.431287 668 35.481388 669 40.286435 670 76.464817 671 66.795437 672 37.109474 673 35.106139 674 58.455803 675 63.386040 676 37.578221 677 35.637101 678 60.438866 679 60.162852 680 38.104217 681 40.627783 682 66.567494 683 62.818162 684 36.014656 685 37.875196 686 64.120721 687 65.202484 688 34.775009 689 37.863530 690 64.205467 691 67.537801 692 32.609800 693 37.024697 694 79.536297 695 71.384377 696 34.713685 697 35.705549 698 62.538121 699 72.933320 700 35.613569 701 33.297622 702 78.329361 703 75.802330 704 32.922829 705 30.952769 706 43.489460 707 42.617638 708 34.674462 709 32.790303 710 37.649265 711 39.361839 712 39.574231 713 38.860502 714 40.480959 715 47.189590 716 42.325642 717 37.371674 718 42.354154 719 43.806406 720 42.060496 721 41.561103 722 37.692385 723 39.688839 724 43.644243 725 45.393263 726 49.678346 727 39.257970 728 48.143740 729 46.334489 730 39.771205 731 39.325727 732 48.072497 733 48.130117 734 76.269599 735 38.845347 736 46.684837 737 44.906192 738 39.260277 739 39.673320 740 48.941822 741 45.628436 742 46.978170 743 40.973445 744 51.192401 745 49.189706 746 48.957473 747 45.753891 748 51.359528 749 49.284259 750 53.218559 751 50.834059 752 53.961445 753 51.858198 754 56.313193 755 53.602977 756 53.643511 757 54.220076 758 64.945823 759 53.832787 760 63.122252 761 61.524014 762 58.714006 763 51.837805 764 61.971374 765 61.502771 766 78.840197 767 47.397552 768 40.429331 769 45.952412 770 53.493600 771 54.969276 772 48.726076 773 48.367234 774 54.463376 775 54.651856 776 46.309821 777 47.437907 778 55.063272 779 52.313417 780 47.044457 781 47.209048 782 55.292207 783 53.048664 784 43.062106 785 44.129010 786 54.882377 787 55.425668 788 39.835281 789 42.317671 790 65.762479 791 58.112874 792 40.673705 793 43.212550 794 64.728804 795 63.526533 796 39.763972 797 41.445509 798 76.276385 799 64.523325 800 39.044252 801 38.839304 802 59.406423 803 66.041586 804 36.642835 805 37.605110 806 59.244362 807 59.888034 808 37.199475 809 38.662356 810 66.129731 811 61.055705 812 37.816374 813 38.150584 814 64.112375 815 63.341479 816 34.048169 817 36.815798 818 64.774352 819 66.133863 820 32.528125 821 33.888842 822 83.581957 823 69.460163 824 35.475692 825 36.821156 826 63.275104 827 72.413525 828 37.640678 829 32.937937 830 79.693412 831 77.825148 832 31.679984 833 31.272780 834 42.970435 835 43.846975 836 35.115337 837 31.874880 838 39.528022 839 39.271982 840 35.729876 841 35.153989 842 40.220468 843 45.634609 844 37.168700 845 35.313299 846 40.960371 847 39.864042 848 39.543926 849 39.268319 850 36.296425 851 38.357163 852 39.671322 853 39.986117 854 50.822715 855 36.790736 856 42.683907 857 41.802355 858 37.208439 859 38.043748 860 41.324241 861 44.279201 862 72.560643 863 40.082035 864 42.841672 865 41.292040 866 33.885012 867 37.933787 868 45.897923 869 41.847633 870 43.278283 871 37.882868 872 49.184176 873 48.033604 874 45.946355 875 43.629532 876 47.820009 877 46.558560 878 49.837661 879 47.583253 880 54.451539 881 52.306745 882 51.306049 883 50.361279 884 55.737543 885 55.820131 886 61.536734 887 49.898086 888 63.300418 889 60.892497 890 56.775405 891 51.119850 892 58.211695 893 58.957046 894 97.856285 895 49.054085 896 45.006884 897 51.613710 898 57.565000 899 61.753875 900 54.719153 901 57.092070 902 61.083993 903 55.817692 904 52.897608 905 54.864964 906 61.364482 907 60.091816 908 51.100150 909 53.698235 910 63.665492 911 60.335391 912 45.937072 913 46.907947 914 61.556041 915 62.887790 916 44.591409 917 48.192779 918 72.277709 919 66.348004 920 43.073708 921 47.055168 922 70.872147 923 72.030140 924 42.119440 925 45.017438 926 87.001587 927 72.336854 928 35.072416 929 41.055655 930 64.843610 931 71.554967 932 39.022093 933 40.152346 934 66.197562 935 67.847994 936 39.040382 937 42.400854 938 72.386992 939 69.157542 940 40.017806 941 40.217590 942 70.350440 943 69.962030 944 36.021365 945 37.434321 946 71.242608 947 73.441475 948 36.526416 949 36.946022 950 91.604460 951 77.731095 952 36.396193 953 36.390249 954 70.343397 955 85.691021 956 42.522345 957 32.544900 958 85.641337 959 85.068063 960 33.725463 961 34.076112 962 46.421347 963 46.020267 964 35.981906 965 33.724145 966 41.280107 967 39.497146 968 38.576313 969 37.748426 970 42.112485 971 50.295842 972 40.254226 973 37.639172 974 44.328946 975 43.245322 976 42.006712 977 42.173576 978 41.046491 979 41.165992 980 41.672184 981 41.857216 982 53.474770 983 41.563475 984 45.781795 985 45.376111 986 41.012125 987 42.681053 988 46.203157 989 39.864623 990 70.347250 991 45.490672 992 45.537458 993 44.313603 994 38.707014 995 39.855493 996 49.870652 997 47.410663 998 47.805727 999 41.412557 1000 52.540426 1001 49.904359 1002 48.760337 1003 46.057038 1004 53.171693 1005 53.706083 1006 55.635417 1007 52.763576 1008 57.499656 1009 55.366896 1010 55.349860 1011 52.760344 1012 55.517329 1013 55.740822 1014 65.631528 1015 53.969746 1016 65.178542 1017 63.795902 1018 59.839715 1019 53.635175 1020 63.613299 1021 53.857970 1022 97.610916 1023 50.598491 1024 90.295585 1025 61.289420 1026 64.913917 1027 64.935387 1028 59.732791 1029 62.291855 1030 62.928004 1031 64.202021 1032 80.507574 1033 60.045304 1034 70.085456 1035 64.726402 1036 55.690757 1037 55.807248 1038 64.207469 1039 66.081149 1040 47.625813 1041 49.662450 1042 63.439928 1043 65.190180 1044 45.818029 1045 50.049430 1046 72.378208 1047 68.646619 1048 47.214217 1049 48.585630 1050 69.011955 1051 69.778276 1052 44.769991 1053 45.917782 1054 82.996972 1055 70.456958 1056 80.220510 1057 42.214741 1058 66.008560 1059 70.805312 1060 41.366099 1061 43.358579 1062 65.917204 1063 67.002438 1064 38.665990 1065 40.389397 1066 72.236154 1067 68.397932 1068 39.694217 1069 40.562583 1070 68.628754 1071 72.252568 1072 37.369865 1073 38.251035 1074 69.468237 1075 72.725770 1076 35.026872 1077 36.143667 1078 86.386980 1079 77.211590 1080 37.605866 1081 35.476475 1082 64.857304 1083 76.684541 1084 42.159398 1085 36.212026 1086 80.930520 1087 69.751447 1088 28.285578 1089 34.830588 1090 45.842294 1091 46.357542 1092 34.469669 1093 31.472158 1094 39.445280 1095 42.206023 1096 34.567003 1097 35.845539 1098 41.924389 1099 44.766634 1100 39.226245 1101 38.409174 1102 41.173943 1103 43.195353 1104 43.252083 1105 41.008447 1106 37.237254 1107 38.937160 1108 43.247440 1109 43.283690 1110 49.203604 1111 36.908010 1112 47.545917 1113 45.018625 1114 38.450486 1115 38.298379 1116 45.709967 1117 45.912475 1118 66.379132 1119 32.884911 1120 39.380659 1121 44.374706 1122 38.967680 1123 39.945917 1124 46.650176 1125 45.531329 1126 46.019618 1127 40.825470 1128 51.086197 1129 49.106715 1130 49.953270 1131 45.762786 1132 49.250420 1133 51.402918 1134 51.305957 1135 50.503367 1136 56.556764 1137 54.320786 1138 54.277676 1139 51.119096 1140 56.709103 1141 57.162677 1142 63.946459 1143 50.023168 1144 64.461183 1145 64.482247 1146 61.308166 1147 55.623896 1148 61.755892 1149 62.476851 1150 93.103326 1151 42.647804 1152 49.985698 1153 58.517091 1154 58.426275 1155 62.628677 1156 57.654646 1157 60.951262 1158 66.589575 1159 70.776022 1160 62.122097 1161 66.918152 1162 64.418151 1163 65.596064 1164 65.894944 1165 69.298530 1166 86.199966 1167 72.259818 1168 63.760604 1169 67.982935 1170 80.779519 1171 78.038170 1172 64.687743 1173 89.137832 1174 59.257703 1175 74.004227 1176 84.048223 1177 69.812589 1178 87.561711 1179 90.283088 1180 70.628983 1181 69.553752 1182 100.347418 1183 79.490160 1184 80.777599 1185 63.158496 1186 79.114539 1187 70.021645 1188 47.239628 1189 45.234094 1190 73.819410 1191 70.300925 1192 40.843887 1193 42.675237 1194 66.322951 1195 63.279597 1196 37.583870 1197 38.056493 1198 60.012212 1199 64.989718 1200 40.188048 1201 37.146559 1202 63.425576 1203 65.288251 1204 35.526838 1205 34.332744 1206 80.162780 1207 68.907303 1208 38.214059 1209 37.497498 1210 62.540017 1211 73.988107 1212 42.278155 1213 34.522629 1214 73.733280 1215 73.459225 1216 33.899542 1217 35.284079 1218 44.782649 1219 46.643560 1220 34.418430 1221 34.165829 1222 36.847603 1223 41.377085 1224 36.099620 1225 37.579335 1226 38.523377 1227 46.801324 1228 38.944212 1229 37.446571 1230 35.383064 1231 39.519936 1232 40.903652 1233 37.738330 1234 35.497482 1235 36.628477 1236 38.790269 1237 39.578614 1238 43.592894 1239 35.636798 1240 40.272219 1241 39.180598 1242 34.932479 1243 33.719332 1244 40.927613 1245 40.179732 1246 60.493580 1247 35.698351 1248 43.019928 1249 41.020129 1250 34.211310 1251 37.550967 1252 42.197210 1253 39.739223 1254 41.295647 1255 37.764626 1256 49.192700 1257 50.714315 1258 43.350533 1259 39.628395 1260 47.897793 1261 46.492075 1262 40.966513 1263 44.838367 1264 49.141560 1265 46.048056 1266 45.697278 1267 44.001867 1268 50.237872 1269 48.473347 1270 55.393009 1271 44.856138 1272 56.152571 1273 51.266609 1274 49.626626 1275 45.086480 1276 49.476910 1277 49.009615 1278 84.001151 1279 43.757273 