## Detector map, format:
## crate slot start_channel end_channel
sbs.hcal.detmap =
## FADC modules        #     Module number that starts at channel 0
## This map is for the 12 fADC modules used for testing
## as described in https://logbooks.jlab.org/entry/3480927
#  2     4     0     15 #      0
#  2     5     0     15 #     16
#  2     6     0     15 #     32
#  2     7     0     15 #     48
#  2     8     0     15 #     64
#  2     9     0     15 #     80
#  2    10     0     15 #     96
#  2    13     0     15 #     112
#  2    14     0     15 #     128
#  2    15     0     15 #     144
  2    13   0     5 #     144
#  2    16     0     15 #     160
#  2    17     0     15 #     176

sbs.hcal.ledmap = 2 30

## Channel map from channel to logical channel
sbs.hcal.chanmap_start=1
#sbs.hcal.chanmap = 
#   0   1   2   3   4   5   6   7   8   9  10  11 
#  12  13  14  15  16  17  18  19  20  21  22  23
#  23  25  26  26  28  29  30  31  32  33  34  35
#  36  37  38  39  40  41  42  43  44  45  46  47
#  48  49  50  51  52  53  54  55  56  57  58  59
#  60  61  62  63  64  65  66  67  68  69  79  71
#  72  73  74  75  76  77  78  79  80  81  82  83
#  84  85  86  87  88  89  90  91  92  93  94  95


## Positions in [m] where +z is roated by sbs.theta
sbs.hcal.position = 0 0 0

## HCal is composed of 4 sub-assemblies each of 6x12 (row,col) modules

## Test settings for one sub-assembly
sbs.hcal.size  =  1.8567  0.9461  1.0000

## HCal is a matrix of with nrows and ncols
## Numbers below are just a test so that it maches the number of used fADC's
#sbs.hcal.ncols = 12
#sbs.hcal.nrows = 16
sbs.hcal.nrows = 6
sbs.hcal.ncols = 1

## Position of first module
sbs.hcal.xyz    =  0.92835  0.47305 0.0
## Space between modules
sbs.hcal.dxdydz  =  0.00254  0.00254 0.0

## Mininum energy  for a cluster center (not really used right now)
sbs.hcal.emin  = 0.0

## Set the default pedestals
sbs.hcal.pedestal =
  0.00 0.00  0.00 0.00 0.00 0.00 0.00 0.00 0.00 0.00 0.00 0.00
  0.00 0.00  0.00 0.00
#  0.00 0.00 0.00 0.00 0.00 0.00 0.00 0.00 0.00 0.00 0.00 0.00
#  0.00 0.00 0.00 0.00 0.00 0.00 0.00 0.00 0.00 0.00 0.00 0.00
#  0.00 0.00 0.00 0.00 0.00 0.00 0.00 0.00 0.00 0.00 0.00 0.00
#  0.00 0.00 0.00 0.00 0.00 0.00 0.00 0.00 0.00 0.00 0.00 0.00
#  0.00 0.00 0.00 0.00 0.00 0.00 0.00 0.00 0.00 0.00 0.00 0.00
#  0.00 0.00 0.00 0.00 0.00 0.00 0.00 0.00 0.00 0.00 0.00 0.00
#  0.00 0.00 0.00 0.00 0.00 0.00 0.00 0.00 0.00 0.00 0.00 0.00
#  0.00 0.00 0.00 0.00 0.00 0.00 0.00 0.00 0.00 0.00 0.00 0.00
#  0.00 0.00 0.00 0.00 0.00 0.00 0.00 0.00 0.00 0.00 0.00 0.00
#  0.00 0.00 0.00 0.00 0.00 0.00 0.00 0.00 0.00 0.00 0.00 0.00
#  0.00 0.00 0.00 0.00 0.00 0.00 0.00 0.00 0.00 0.00 0.00 0.00
#  0.00 0.00 0.00 0.00 0.00 0.00 0.00 0.00 0.00 0.00 0.00 0.00
#  0.00 0.00 0.00 0.00 0.00 0.00 0.00 0.00 0.00 0.00 0.00 0.00
#  0.00 0.00 0.00 0.00 0.00 0.00 0.00 0.00 0.00 0.00 0.00 0.00
#  0.00 0.00 0.00 0.00 0.00 0.00 0.00 0.00 0.00 0.00 0.00 0.00

## Set the default gain (calibration factor)
sbs.hcal.gain =
  1.00 1.00 1.00 1.00 1.00 1.00 1.00 1.00 1.00 1.00 1.00 1.00
  1.00 1.00 1.00 1.00
#  1.00 1.00 1.00 1.00 1.00 1.00 1.00 1.00 1.00 1.00 1.00 1.00
#  1.00 1.00 1.00 1.00 1.00 1.00 1.00 1.00 1.00 1.00 1.00 1.00
#  1.00 1.00 1.00 1.00 1.00 1.00 1.00 1.00 1.00 1.00 1.00 1.00
#  1.00 1.00 1.00 1.00 1.00 1.00 1.00 1.00 1.00 1.00 1.00 1.00
#  1.00 1.00 1.00 1.00 1.00 1.00 1.00 1.00 1.00 1.00 1.00 1.00
#  1.00 1.00 1.00 1.00 1.00 1.00 1.00 1.00 1.00 1.00 1.00 1.00
#  1.00 1.00 1.00 1.00 1.00 1.00 1.00 1.00 1.00 1.00 1.00 1.00
#  1.00 1.00 1.00 1.00 1.00 1.00 1.00 1.00 1.00 1.00 1.00 1.00
#  1.00 1.00 1.00 1.00 1.00 1.00 1.00 1.00 1.00 1.00 1.00 1.00
#  1.00 1.00 1.00 1.00 1.00 1.00 1.00 1.00 1.00 1.00 1.00 1.00
#  1.00 1.00 1.00 1.00 1.00 1.00 1.00 1.00 1.00 1.00 1.00 1.00
#  1.00 1.00 1.00 1.00 1.00 1.00 1.00 1.00 1.00 1.00 1.00 1.00
#  1.00 1.00 1.00 1.00 1.00 1.00 1.00 1.00 1.00 1.00 1.00 1.00
#  1.00 1.00 1.00 1.00 1.00 1.00 1.00 1.00 1.00 1.00 1.00 1.00
#  1.00 1.00 1.00 1.00 1.00 1.00 1.00 1.00 1.00 1.00 1.00 1.00


