950101
#grinch general info
bb.grinch.dettype = Cher
bb.grinch.unique_id = 20

bb.grinch.nchan = 510
bb.grinch.first_crate = 6
bb.grinch.first_slot = 0
bb.grinch.chan_per_slot = 128
bb.grinch.slot_per_crate = 16

#grinch geometry info
geo.bb.grinch.nrows = 60
geo.bb.grinch.ncols = 9
geo.bb.grinch.xsize = 1.86
geo.bb.grinch.ysize = 0.279
geo.bb.grinch.zpos = 1.3824 #m
geo.bb.grinch.xoffset = 0.0 #m
geo.bb.grinch.yoffset = 0.0 #m

#hodoscope digitization info
dig.bb.grinch.roimpedance = 50 # ohm
#GRINCH may use CAEN V792 ADC for calibration only
#dig.bb.grinch.adc_encoder = caen792
#dig.bb.grinch.adcconversion = 100.0 #fC/ch #optionnal for Cher
#dig.bb.grinch.adcbits = 12 #optionnal for Cher
#GRINCH uses VETROC TDC
dig.bb.grinch.tdcconversion = 1.0 #ns/ch
dig.bb.grinch.tdc_encoder = vetroc #ns/ch
dig.bb.grinch.tdcbits = 16

dig.bb.grinch.threshold = 0.003 #V
dig.bb.grinch.triggerjitter = 3.0  # ns
dig.bb.grinch.triggeroffset = 48.3  # ns 
dig.bb.grinch.gatewidth = 100. #ns

dig.bb.grinch.spe_tau = 2.08  # ns
dig.bb.grinch.spe_sigma = 2.20  # ns
dig.bb.grinch.spe_transit = 33.0  # ns

#NINO cross talk parameter
#dig.bb.grinch.do_crosstalk = 0
#dig.bb.grinch.crosstalk_mean = 0.1
#dig.bb.grinch.crosstalk_sigma = 0.03
#dig.bb.grinch.crosstalk_chan_apart = 8

#grinch detector map
# crate slot ch_min ch_max
bb.grinch.detmap =
   6     0       0     127
   6     1       0     127
   6     2       0     127
   6     3       0     125



#dig.bb.grinch.gain = 7.0e6
#dig.bb.grinch.pedestal = 0.0
#dig.bb.grinch.pednoise = 0.0

bb.grinch.xyz = -0.9145 -0.124 0.0 #m # we don't really need z

##############################################################
# inconvenient: some of the stuff will need to be redeclared - 
# but let's not change everything before we're sure it's needed

bb.grinch.nrows = 60
bb.grinch.ncols = 9
bb.grinch.xsize = 1.86
bb.grinch.ysize = 0.279
bb.grinch.pmtdistx = 0.031
bb.grinch.pmtdisty = 0.031
bb.x_tcpmt = -0.9145
bb.y_tcpmt = -0.124
bb.grinch.zpos = 1.3824 #m
bb.grinch.xoffset = 0.0 #m
bb.grinch.yoffset = 0.0 #m

dig.bb.grinch.pedestal = 
 0.0  0.0  0.0  0.0  0.0  0.0  0.0  0.0  0.0 
   0.0  0.0  0.0  0.0  0.0  0.0  0.0  0.0 
 0.0  0.0  0.0  0.0  0.0  0.0  0.0  0.0  0.0 
   0.0  0.0  0.0  0.0  0.0  0.0  0.0  0.0 
 0.0  0.0  0.0  0.0  0.0  0.0  0.0  0.0  0.0 
   0.0  0.0  0.0  0.0  0.0  0.0  0.0  0.0 
 0.0  0.0  0.0  0.0  0.0  0.0  0.0  0.0  0.0 
   0.0  0.0  0.0  0.0  0.0  0.0  0.0  0.0 
 0.0  0.0  0.0  0.0  0.0  0.0  0.0  0.0  0.0 
   0.0  0.0  0.0  0.0  0.0  0.0  0.0  0.0 
 0.0  0.0  0.0  0.0  0.0  0.0  0.0  0.0  0.0 
   0.0  0.0  0.0  0.0  0.0  0.0  0.0  0.0 
 0.0  0.0  0.0  0.0  0.0  0.0  0.0  0.0  0.0 
   0.0  0.0  0.0  0.0  0.0  0.0  0.0  0.0 
 0.0  0.0  0.0  0.0  0.0  0.0  0.0  0.0  0.0 
   0.0  0.0  0.0  0.0  0.0  0.0  0.0  0.0 
 0.0  0.0  0.0  0.0  0.0  0.0  0.0  0.0  0.0 
   0.0  0.0  0.0  0.0  0.0  0.0  0.0  0.0 
 0.0  0.0  0.0  0.0  0.0  0.0  0.0  0.0  0.0 
   0.0  0.0  0.0  0.0  0.0  0.0  0.0  0.0 
 0.0  0.0  0.0  0.0  0.0  0.0  0.0  0.0  0.0 
   0.0  0.0  0.0  0.0  0.0  0.0  0.0  0.0 
 0.0  0.0  0.0  0.0  0.0  0.0  0.0  0.0  0.0 
   0.0  0.0  0.0  0.0  0.0  0.0  0.0  0.0 
 0.0  0.0  0.0  0.0  0.0  0.0  0.0  0.0  0.0 
   0.0  0.0  0.0  0.0  0.0  0.0  0.0  0.0 
 0.0  0.0  0.0  0.0  0.0  0.0  0.0  0.0  0.0 
   0.0  0.0  0.0  0.0  0.0  0.0  0.0  0.0 
 0.0  0.0  0.0  0.0  0.0  0.0  0.0  0.0  0.0 
   0.0  0.0  0.0  0.0  0.0  0.0  0.0  0.0 
 0.0  0.0  0.0  0.0  0.0  0.0  0.0  0.0  0.0 
   0.0  0.0  0.0  0.0  0.0  0.0  0.0  0.0 
 0.0  0.0  0.0  0.0  0.0  0.0  0.0  0.0  0.0 
   0.0  0.0  0.0  0.0  0.0  0.0  0.0  0.0 
 0.0  0.0  0.0  0.0  0.0  0.0  0.0  0.0  0.0 
   0.0  0.0  0.0  0.0  0.0  0.0  0.0  0.0 
 0.0  0.0  0.0  0.0  0.0  0.0  0.0  0.0  0.0 
   0.0  0.0  0.0  0.0  0.0  0.0  0.0  0.0 
 0.0  0.0  0.0  0.0  0.0  0.0  0.0  0.0  0.0 
   0.0  0.0  0.0  0.0  0.0  0.0  0.0  0.0 
 0.0  0.0  0.0  0.0  0.0  0.0  0.0  0.0  0.0 
   0.0  0.0  0.0  0.0  0.0  0.0  0.0  0.0 
 0.0  0.0  0.0  0.0  0.0  0.0  0.0  0.0  0.0 
   0.0  0.0  0.0  0.0  0.0  0.0  0.0  0.0 
 0.0  0.0  0.0  0.0  0.0  0.0  0.0  0.0  0.0 
   0.0  0.0  0.0  0.0  0.0  0.0  0.0  0.0 
 0.0  0.0  0.0  0.0  0.0  0.0  0.0  0.0  0.0 
   0.0  0.0  0.0  0.0  0.0  0.0  0.0  0.0 
 0.0  0.0  0.0  0.0  0.0  0.0  0.0  0.0  0.0 
   0.0  0.0  0.0  0.0  0.0  0.0  0.0  0.0 
 0.0  0.0  0.0  0.0  0.0  0.0  0.0  0.0  0.0 
   0.0  0.0  0.0  0.0  0.0  0.0  0.0  0.0 
 0.0  0.0  0.0  0.0  0.0  0.0  0.0  0.0  0.0 
   0.0  0.0  0.0  0.0  0.0  0.0  0.0  0.0 
 0.0  0.0  0.0  0.0  0.0  0.0  0.0  0.0  0.0 
   0.0  0.0  0.0  0.0  0.0  0.0  0.0  0.0 
 0.0  0.0  0.0  0.0  0.0  0.0  0.0  0.0  0.0 
   0.0  0.0  0.0  0.0  0.0  0.0  0.0  0.0 
 0.0  0.0  0.0  0.0  0.0  0.0  0.0  0.0  0.0 
   0.0  0.0  0.0  0.0  0.0  0.0  0.0  0.0 

dig.bb.grinch.pednoise = 
 0.0  0.0  0.0  0.0  0.0  0.0  0.0  0.0  0.0 
   0.0  0.0  0.0  0.0  0.0  0.0  0.0  0.0 
 0.0  0.0  0.0  0.0  0.0  0.0  0.0  0.0  0.0 
   0.0  0.0  0.0  0.0  0.0  0.0  0.0  0.0 
 0.0  0.0  0.0  0.0  0.0  0.0  0.0  0.0  0.0 
   0.0  0.0  0.0  0.0  0.0  0.0  0.0  0.0 
 0.0  0.0  0.0  0.0  0.0  0.0  0.0  0.0  0.0 
   0.0  0.0  0.0  0.0  0.0  0.0  0.0  0.0 
 0.0  0.0  0.0  0.0  0.0  0.0  0.0  0.0  0.0 
   0.0  0.0  0.0  0.0  0.0  0.0  0.0  0.0 
 0.0  0.0  0.0  0.0  0.0  0.0  0.0  0.0  0.0 
   0.0  0.0  0.0  0.0  0.0  0.0  0.0  0.0 
 0.0  0.0  0.0  0.0  0.0  0.0  0.0  0.0  0.0 
   0.0  0.0  0.0  0.0  0.0  0.0  0.0  0.0 
 0.0  0.0  0.0  0.0  0.0  0.0  0.0  0.0  0.0 
   0.0  0.0  0.0  0.0  0.0  0.0  0.0  0.0 
 0.0  0.0  0.0  0.0  0.0  0.0  0.0  0.0  0.0 
   0.0  0.0  0.0  0.0  0.0  0.0  0.0  0.0 
 0.0  0.0  0.0  0.0  0.0  0.0  0.0  0.0  0.0 
   0.0  0.0  0.0  0.0  0.0  0.0  0.0  0.0 
 0.0  0.0  0.0  0.0  0.0  0.0  0.0  0.0  0.0 
   0.0  0.0  0.0  0.0  0.0  0.0  0.0  0.0 
 0.0  0.0  0.0  0.0  0.0  0.0  0.0  0.0  0.0 
   0.0  0.0  0.0  0.0  0.0  0.0  0.0  0.0 
 0.0  0.0  0.0  0.0  0.0  0.0  0.0  0.0  0.0 
   0.0  0.0  0.0  0.0  0.0  0.0  0.0  0.0 
 0.0  0.0  0.0  0.0  0.0  0.0  0.0  0.0  0.0 
   0.0  0.0  0.0  0.0  0.0  0.0  0.0  0.0 
 0.0  0.0  0.0  0.0  0.0  0.0  0.0  0.0  0.0 
   0.0  0.0  0.0  0.0  0.0  0.0  0.0  0.0 
 0.0  0.0  0.0  0.0  0.0  0.0  0.0  0.0  0.0 
   0.0  0.0  0.0  0.0  0.0  0.0  0.0  0.0 
 0.0  0.0  0.0  0.0  0.0  0.0  0.0  0.0  0.0 
   0.0  0.0  0.0  0.0  0.0  0.0  0.0  0.0 
 0.0  0.0  0.0  0.0  0.0  0.0  0.0  0.0  0.0 
   0.0  0.0  0.0  0.0  0.0  0.0  0.0  0.0 
 0.0  0.0  0.0  0.0  0.0  0.0  0.0  0.0  0.0 
   0.0  0.0  0.0  0.0  0.0  0.0  0.0  0.0 
 0.0  0.0  0.0  0.0  0.0  0.0  0.0  0.0  0.0 
   0.0  0.0  0.0  0.0  0.0  0.0  0.0  0.0 
 0.0  0.0  0.0  0.0  0.0  0.0  0.0  0.0  0.0 
   0.0  0.0  0.0  0.0  0.0  0.0  0.0  0.0 
 0.0  0.0  0.0  0.0  0.0  0.0  0.0  0.0  0.0 
   0.0  0.0  0.0  0.0  0.0  0.0  0.0  0.0 
 0.0  0.0  0.0  0.0  0.0  0.0  0.0  0.0  0.0 
   0.0  0.0  0.0  0.0  0.0  0.0  0.0  0.0 
 0.0  0.0  0.0  0.0  0.0  0.0  0.0  0.0  0.0 
   0.0  0.0  0.0  0.0  0.0  0.0  0.0  0.0 
 0.0  0.0  0.0  0.0  0.0  0.0  0.0  0.0  0.0 
   0.0  0.0  0.0  0.0  0.0  0.0  0.0  0.0 
 0.0  0.0  0.0  0.0  0.0  0.0  0.0  0.0  0.0 
   0.0  0.0  0.0  0.0  0.0  0.0  0.0  0.0 
 0.0  0.0  0.0  0.0  0.0  0.0  0.0  0.0  0.0 
   0.0  0.0  0.0  0.0  0.0  0.0  0.0  0.0 
 0.0  0.0  0.0  0.0  0.0  0.0  0.0  0.0  0.0 
   0.0  0.0  0.0  0.0  0.0  0.0  0.0  0.0 
 0.0  0.0  0.0  0.0  0.0  0.0  0.0  0.0  0.0 
   0.0  0.0  0.0  0.0  0.0  0.0  0.0  0.0 
 0.0  0.0  0.0  0.0  0.0  0.0  0.0  0.0  0.0 
   0.0  0.0  0.0  0.0  0.0  0.0  0.0  0.0 

dig.bb.grinch.gain = 
 7.0e6  7.0e6  7.0e6  7.0e6  7.0e6  7.0e6  7.0e6  7.0e6  7.0e6 
   7.0e6  7.0e6  7.0e6  7.0e6  7.0e6  7.0e6  7.0e6  7.0e6 
 7.0e6  7.0e6  7.0e6  7.0e6  7.0e6  7.0e6  7.0e6  7.0e6  7.0e6 
   7.0e6  7.0e6  7.0e6  7.0e6  7.0e6  7.0e6  7.0e6  7.0e6 
 7.0e6  7.0e6  7.0e6  7.0e6  7.0e6  7.0e6  7.0e6  7.0e6  7.0e6 
   7.0e6  7.0e6  7.0e6  7.0e6  7.0e6  7.0e6  7.0e6  7.0e6 
 7.0e6  7.0e6  7.0e6  7.0e6  7.0e6  7.0e6  7.0e6  7.0e6  7.0e6 
   7.0e6  7.0e6  7.0e6  7.0e6  7.0e6  7.0e6  7.0e6  7.0e6 
 7.0e6  7.0e6  7.0e6  7.0e6  7.0e6  7.0e6  7.0e6  7.0e6  7.0e6 
   7.0e6  7.0e6  7.0e6  7.0e6  7.0e6  7.0e6  7.0e6  7.0e6 
 7.0e6  7.0e6  7.0e6  7.0e6  7.0e6  7.0e6  7.0e6  7.0e6  7.0e6 
   7.0e6  7.0e6  7.0e6  7.0e6  7.0e6  7.0e6  7.0e6  7.0e6 
 7.0e6  7.0e6  7.0e6  7.0e6  7.0e6  7.0e6  7.0e6  7.0e6  7.0e6 
   7.0e6  7.0e6  7.0e6  7.0e6  7.0e6  7.0e6  7.0e6  7.0e6 
 7.0e6  7.0e6  7.0e6  7.0e6  7.0e6  7.0e6  7.0e6  7.0e6  7.0e6 
   7.0e6  7.0e6  7.0e6  7.0e6  7.0e6  7.0e6  7.0e6  7.0e6 
 7.0e6  7.0e6  7.0e6  7.0e6  7.0e6  7.0e6  7.0e6  7.0e6  7.0e6 
   7.0e6  7.0e6  7.0e6  7.0e6  7.0e6  7.0e6  7.0e6  7.0e6 
 7.0e6  7.0e6  7.0e6  7.0e6  7.0e6  7.0e6  7.0e6  7.0e6  7.0e6 
   7.0e6  7.0e6  7.0e6  7.0e6  7.0e6  7.0e6  7.0e6  7.0e6 
 7.0e6  7.0e6  7.0e6  7.0e6  7.0e6  7.0e6  7.0e6  7.0e6  7.0e6 
   7.0e6  7.0e6  7.0e6  7.0e6  7.0e6  7.0e6  7.0e6  7.0e6 
 7.0e6  7.0e6  7.0e6  7.0e6  7.0e6  7.0e6  7.0e6  7.0e6  7.0e6 
   7.0e6  7.0e6  7.0e6  7.0e6  7.0e6  7.0e6  7.0e6  7.0e6 
 7.0e6  7.0e6  7.0e6  7.0e6  7.0e6  7.0e6  7.0e6  7.0e6  7.0e6 
   7.0e6  7.0e6  7.0e6  7.0e6  7.0e6  7.0e6  7.0e6  7.0e6 
 7.0e6  7.0e6  7.0e6  7.0e6  7.0e6  7.0e6  7.0e6  7.0e6  7.0e6 
   7.0e6  7.0e6  7.0e6  7.0e6  7.0e6  7.0e6  7.0e6  7.0e6 
 7.0e6  7.0e6  7.0e6  7.0e6  7.0e6  7.0e6  7.0e6  7.0e6  7.0e6 
   7.0e6  7.0e6  7.0e6  7.0e6  7.0e6  7.0e6  7.0e6  7.0e6 
 7.0e6  7.0e6  7.0e6  7.0e6  7.0e6  7.0e6  7.0e6  7.0e6  7.0e6 
   7.0e6  7.0e6  7.0e6  7.0e6  7.0e6  7.0e6  7.0e6  7.0e6 
 7.0e6  7.0e6  7.0e6  7.0e6  7.0e6  7.0e6  7.0e6  7.0e6  7.0e6 
   7.0e6  7.0e6  7.0e6  7.0e6  7.0e6  7.0e6  7.0e6  7.0e6 
 7.0e6  7.0e6  7.0e6  7.0e6  7.0e6  7.0e6  7.0e6  7.0e6  7.0e6 
   7.0e6  7.0e6  7.0e6  7.0e6  7.0e6  7.0e6  7.0e6  7.0e6 
 7.0e6  7.0e6  7.0e6  7.0e6  7.0e6  7.0e6  7.0e6  7.0e6  7.0e6 
   7.0e6  7.0e6  7.0e6  7.0e6  7.0e6  7.0e6  7.0e6  7.0e6 
 7.0e6  7.0e6  7.0e6  7.0e6  7.0e6  7.0e6  7.0e6  7.0e6  7.0e6 
   7.0e6  7.0e6  7.0e6  7.0e6  7.0e6  7.0e6  7.0e6  7.0e6 
 7.0e6  7.0e6  7.0e6  7.0e6  7.0e6  7.0e6  7.0e6  7.0e6  7.0e6 
   7.0e6  7.0e6  7.0e6  7.0e6  7.0e6  7.0e6  7.0e6  7.0e6 
 7.0e6  7.0e6  7.0e6  7.0e6  7.0e6  7.0e6  7.0e6  7.0e6  7.0e6 
   7.0e6  7.0e6  7.0e6  7.0e6  7.0e6  7.0e6  7.0e6  7.0e6 
 7.0e6  7.0e6  7.0e6  7.0e6  7.0e6  7.0e6  7.0e6  7.0e6  7.0e6 
   7.0e6  7.0e6  7.0e6  7.0e6  7.0e6  7.0e6  7.0e6  7.0e6 
 7.0e6  7.0e6  7.0e6  7.0e6  7.0e6  7.0e6  7.0e6  7.0e6  7.0e6 
   7.0e6  7.0e6  7.0e6  7.0e6  7.0e6  7.0e6  7.0e6  7.0e6 
 7.0e6  7.0e6  7.0e6  7.0e6  7.0e6  7.0e6  7.0e6  7.0e6  7.0e6 
   7.0e6  7.0e6  7.0e6  7.0e6  7.0e6  7.0e6  7.0e6  7.0e6 
 7.0e6  7.0e6  7.0e6  7.0e6  7.0e6  7.0e6  7.0e6  7.0e6  7.0e6 
   7.0e6  7.0e6  7.0e6  7.0e6  7.0e6  7.0e6  7.0e6  7.0e6 
 7.0e6  7.0e6  7.0e6  7.0e6  7.0e6  7.0e6  7.0e6  7.0e6  7.0e6 
   7.0e6  7.0e6  7.0e6  7.0e6  7.0e6  7.0e6  7.0e6  7.0e6 
 7.0e6  7.0e6  7.0e6  7.0e6  7.0e6  7.0e6  7.0e6  7.0e6  7.0e6 
   7.0e6  7.0e6  7.0e6  7.0e6  7.0e6  7.0e6  7.0e6  7.0e6 
 7.0e6  7.0e6  7.0e6  7.0e6  7.0e6  7.0e6  7.0e6  7.0e6  7.0e6 
   7.0e6  7.0e6  7.0e6  7.0e6  7.0e6  7.0e6  7.0e6  7.0e6 
 7.0e6  7.0e6  7.0e6  7.0e6  7.0e6  7.0e6  7.0e6  7.0e6  7.0e6 
   7.0e6  7.0e6  7.0e6  7.0e6  7.0e6  7.0e6  7.0e6  7.0e6 


